110654
105763
103708
103447
101233
100832
100385
99473
98204
97195
96552
96382
96376
96229
94536
93906
93778
93036
92619
92351
92128
91808
91502
91493
91043
91039
91015
90982
90729
90451
90280
90185
89667
89656
89599
89289
89287
89214
88622
88619
88056
87859
87851
87848
87846
87844
87434
87295
87129
86826
86790
86781
86726
86607
86583
86374
86222
86010
85770
85712
85650
85569
85545
85413
85325
85217
85166
85126
85094
84846
84210
84106
84062
83986
83908
83875
83581
83391
83118
82945
82883
82824
82649
82629
82452
82440
82358
82328
82318
82250
82162
81927
81856
81793
81438
81184
81165
81118
81073
80803
80742
80739
80725
80595
80579
80184
80178
80171
79964
79913
79713
79630
79515
79450
79418
79320
79160
79058
78806
78554
78554
78508
78290
78212
78176
77849
77699
77610
77558
77392
77374
77261
76971
76926
76804
76797
76777
76603
76589
76442
76438
76332
76262
76191
75968
75963
75851
75789
75734
75637
75573
75352
75342
75124
75007
74995
74903
74863
74832
74762
74669
74559
74554
74509
74185
74164
74127
74010
73991
73981
73971
73858
73798
73777
73728
73715
73502
73482
73416
73339
73315
73298
73261
73224
73204
73084
73077
72988
72957
72944
72899
72720
72624
72518
72475
72368
72223
72220
72094
72081
72050
71984
71839
71811
71779
71654
71558
71521
71357
71271
71260
71214
71126
71109
71097
71060
70831
70778
70619
70602
70408
70394
70382
70375
70306
70162
70151
70136
70076
69899
69883
69813
69708
69683
69643
69531
69523
69466
69450
69408
69345
69315
69255
69247
69149
69085
69064
68978
68958
68889
68829
68693
68686
68654
68620
68604
68491
68423
68358
68329
68177
68143
68143
68127
67956
67888
67806
67796
67785
67721
67689
67633
67630
67618
67591
67554
67540
67477
67473
67434
67404
67389
67377
67280
67233
67113
67061
66993
66894
66770
66754
66723
66708
66684
66668
66645
66583
66553
66465
66461
66384
66356
66347
66309
66272
66167
66076
66027
65990
65948
65887
65835
65825
65798
65769
65743
65574
65572
65345
65221
65209
65179
65030
64874
64830
64821
64804
64776
64770
64763
64612
64550
64488
64427
64416
64407
64291
64237
64171
64143
64124
64087
64030
64029
63938
63935
63932
63877
63855
63841
63747
63648
63640
63638
63616
63599
63585
63553
63504
63478
63177
63142
63132
63105
63069
62931
62912
62903
62877
62840
62713
62646
62621
62577
62556
62524
62477
62469
62446
62423
62373
62318
62231
62188
62183
62141
62071
62035
62032
61989
61912
61856
61773
61762
61734
61732
61673
61628
61594
61529
61273
61219
61176
61118
61115
60990
60922
60893
60811
60650
60597
60416
60386
60342
60323
60318
60187
60159
60158
60155
60154
59942
59930
59884
59819
59721
59636
59549
59419
59397
59397
59364
59338
59260
59227
59206
59198
59150
59143
59130
59126
59102
59070
59068
58982
58971
58950
58948
58933
58804
58797
58774
58715
58678
58666
58666
58627
58615
58576
58521
58489
58432
58405
58331
58286
58285
58233
58232
58198
58156
58030
57963
57889
57874
57834
57818
57816
57782
57712
57696
57635
57567
57433
57425
57386
57306
57245
57215
57113
57088
57083
57029
57011
56934
56926
56879
56875
56847
56831
56775
56730
56720
56670
56516
56511
56353
56339
56336
56304
56295
56225
56197
56155
56118
56057
56057
55898
55886
55867
55850
55827
55747
55688
55661
55649
55616
55523
55519
55490
55479
55445
55416
55393
55342
55194
55158
55133
55125
55037
55016
55000
54977
54971
54927
54924
54851
54846
54782
54647
54642
54640
54619
54590
54530
54401
54376
54256
54185
54107
54092
54057
54051
53990
53873
53860
53849
53826
53726
53575
53521
53420
53418
53345
53279
53251
53222
53130
53119
53104
52989
52936
52852
52629
52624
52548
52546
52501
52500
52454
52374
52313
52300
52260
52214
52177
52116
52087
52062
52034
52026
51994
51948
51942
51917
51894
51798
51650
51584
51566
51542
51434
51402
51383
51366
51273
51252
51181
51155
51148
51125
51022
50965
50948
50907
50901
50885
50880
50869
50842
50842
50817
50783
50757
50695
50632
50607
50509
50490
50465
50417
50410
50389
50365
50348
50271
50255
50176
50165
50041
49992
49959
49952
49938
49923
49818
49799
49750
49724
49714
49709
49661
49642
49635
49620
49620
49610
49589
49565
49496
49311
49309
49285
49272
49218
49182
49180
49173
49120
49103
49014
48958
48951
48933
48918
48887
48812
48806
48794
48772
48762
48735
48725
48652
48627
48548
48547
48519
48381
48372
48368
48362
48348
48306
48289
48268
48240
48194
48171
48170
48162
48132
48116
48069
48028
47998
47985
47939
47933
47924
47917
47913
47864
47848
47830
47825
47815
47703
47697
47599
47543
47534
47516
47451
47327
47295
47259
47147
47030
46981
46980
46894
46873
46775
46760
46731
46703
46620
46592
46578
46538
46526
46492
46483
46405
46319
46290
46186
46170
46090
45995
45971
45960
45858
45795
45681
45676
45671
45579
45514
45511
45314
45287
45196
45150
45102
45085
45066
45038
45015
44974
44909
44820
44803
44784
44738
44737
44735
44714
44701
44609
44586
44573
44450
44421
44409
44327
44303
44258
44242
44186
44158
44151
44074
44048
44025
43970
43898
43885
43867
43835
43789
43777
43738
43722
43668
43646
43605
43463
43455
43434
43430
43420
43324
43281
43209
43188
43167
43121
43093
43077
43059
43024
42905
42900
42822
42739
42724
42715
42682
42661
42613
42592
42577
42576
42570
42566
42562
42559
42531
42521
42447
42381
42377
42359
42333
42328
42227
42227
42167
42143
42076
42027
42021
41950
41926
41884
41844
41802
41727
41726
41708
41677
41660
41655
41650
41639
41625
41618
41608
41533
41509
41473
41426
41417
41401
41346
41293
41292
41267
41260
41242
41237
41218
41210
41207
41133
41026
40995
40968
40922
40907
40857
40838
40838
40775
40703
40691
40657
40656
40628
40619
40543
40526
40523
40491
40473
40418
40286
40265
40242
40231
40183
40104
40022
40019
39995
39975
39943
39905
39878
39866
39861
39812
39751
39739
39688
39634
39578
39559
39542
39503
39490
39484
39480
39393
39219
38959
38951
38897
38825
38817
38794
38766
38713
38686
38644
38580
38488
38456
38413
38409
38399
38396
38352
38290
38275
38061
38026
37959
37946
37919
37904
37857
37757
37738
37710
37709
37691
37640
37632
37628
37544
37542
37481
37408
37319
37290
37230
37212
37166
37103
37084
37052
36995
36942
36869
36813
36808
36807
36800
36760
36702
36631
36615
36600
36553
36517
36503
36487
36440
36314
36284
36222
36135
36066
36052
35997
35971
35921
35824
35816
35805
35792
35686
35663
35523
35479
35449
35448
35424
35396
35374
35295
35290
35288
35224
35173
35135
35057
34965
34955
34927
34921
34858
34843
34822
34764
34702
34612
34608
34522
34466
34453
34413
34409
34395
34324
34187
34168
34155
34123
34099
34056
34023
33962
33867
33799
33785
33767
33704
33700
33689
33684
33628
33606
33569
33500
33449
33420
33395
33334
33306
33294
33238
33221
33198
33103
32971
32944
32922
32909
32898
32858
32802
32778
32700
32699
32686
32637
32625
32624
32598
32588
32544
32524
32504
32416
32403
32306
32264
32258
32241
32230
32167
32115
32026
32017
32007
31922
31914
31901
31851
31842
31817
31766
31672
31563
31559
31542
31468
31465
31411
31406
31402
31357
31334
31324
31225
31170
31165
31148
31145
31126
31110
31095
31086
31054
30970
30958
30900
30847
30836
30830
30826
30824
30753
30737
30702
30692
30647
30605
30569
30565
30542
30515
30492
30485
30481
30472
30319
30314
30259
30223
30201
30161
30131
30079
29941
29779
29717
29649
29629
29614
29396
29312
29224
29144
29137
29070
28968
28944
28929
28910
28891
28888
28814
28809
28799
28780
28724
28669
28653
28644
28620
28573
28415
28415
28372
28365
28323
28248
28100
28066
28041
27973
27873
27858
27723
27624
27613
27559
27542
27456
27358
27155
27113
27093
27088
27012
27012
27007
26997
26936
26896
26862
26845
26804
26804
26755
26751
26750
26705
26693
26670
26631
26576
26546
26534
26389
26283
26192
26054
26032
25978
25926
25922
25818
25809
25802
25801
25697
25676
25544
25476
25413
25389
25377
25307
25196
25186
24946
24925
24919
24891
24850
24778
24767
24764
24757
24722
24684
24666
24645
24589
24545
24530
24473
24443
24398
24357
24334
24267
24218
24194
24078
24034
24002
23963
23851
23832
23823
23784
23780
23775
23669
23653
23642
23587
23564
23557
23497
23456
23327
23258
23168
23138
23073
23066
23059
23034
23019
22944
22887
22763
22742
22695
22665
22514
22427
22419
22395
22375
22325
22205
22107
22028
21989
21883
21830
21830
21776
21762
21751
21709
21683
21637
21583
21520
21472
21466
21452
21446
21212
21183
21176
21152
21067
21011
20985
20983
20960
20903
20902
20898
20875
20854
20814
20805
20726
20716
20693
20641
20580
20453
20451
20357
20243
20217
20153
20153
20079
20078
19970
19957
19836
19832
19651
19540
19505
19450
19367
19272
19253
19240
19214
19056
18892
18888
18829
18698
18664
18652
18623
18587
18578
18544
18529
18446
18431
18401
18381
18355
18354
18340
18252
18087
18036
18032
17984
17972
17867
17848
17770
17769
17730
17659
17600
17579
17493
17471
17310
17305
17305
17207
17055
17045
17020
16823
16731
16729
16714
16697
16682
16653
16620
16553
16522
16520
16507
16453
16384
16375
16342
16265
16159
16134
16089
15981
15965
15885
15844
15807
15757
15719
15546
15542
15508
15433
15422
15414
15387
15332
15327
15260
15217
15177
15141
15129
15079
15048
15043
15021
15002
15001
14991
14974
14874
14826
14797
14776
14764
14753
14738
14702
14580
14460
14455
14327
14298
14218
14166
14150
14095
13840
13837
13836
13743
13726
13709
13690
13684
13677
13617
13553
13457
13429
13426
13398
13385
13372
13371
13351
13226
13226
13178
13143
13139
13108
13062
13055
13052
13051
13034
12912
12897
12887
12792
12772
12601
12545
12498
12481
12416
12384
12347
12344
12344
12274
12272
12258
12221
12113
12064
12046
11833
11809
11789
11623
11598
11553
11532
11498
11371
11346
11324
11285
11198
11132
11098
11072
11040
10874
10869
10812
10778
10777
10756
10652
10650
10486
10431
10390
10325
10306
10249
10203
10181
10049
10016
9930
9918
9865
9800
9777
9775
9757
9699
9618
9563
9559
9535
9525
9437
9412
9411
9407
9380
9359
9335
9308
9272
9221
9112
9040
9015
8943
8853
8802
8797
8786
8769
8689
8664
8624
8621
8595
8539
8535
8516
8492
8432
8425
8420
8404
8324
8291
8222
8192
8164
8136
8007
7998
7970
7937
7826
7815
7812
7779
7735
7708
7668
7654
7551
7534
7527
7495
7469
7414
7407
7362
7343
7326
7313
7295
7255
7197
7155
7039
7031
7011
7010
6991
6908
6835
6817
6766
6664
6601
6588
6572
6559
6547
6467
6428
6413
6351
6093
6072
6030
6021
5984
5958
5948
5888
5878
5838
5790
5784
5752
5681
5599
5495
5434
5292
5283
5273
5227
5167
5159
5138
5120
5084
5032
4983
4955
4926
4925
4863
4847
4843
4775
4750
4723
4657
4610
4587
4581
4540
4519
4490
4452
4430
4392
4357
4256
4169
4037
4037
4024
3942
3942
3931
3910
3769
3707
3665
3471
3371
3278
3042
3038
3018
2919
2911
2768
2746
2658
2633
2478
2453
2446
2414
2400
2266
2218
2151
2085
1996
1991
1989
1973
1927
1898
1839
1793
1768
1651
1559
1556
1281
1134
1071
1057
881
842
831
800
799
778
762
750
721
698
676
671
647
614
497
476
465
440
338
268
260
195
80
45
-3
-182
-191
-271
-305
-396
-483
-525
-610
-848
-907
-933
-977
